0 0 0 0 0 0 0 0 0 0 0 0 0 0 0 0 0 0 0 0 4 4 0 0 0 0 0 0 0 2 2 2 2 2 2 2 2 2
0 0 0 0 0 0 0 0 0 0 0 0 0 4 4 4 4 4 4 4 4 4 0 0 0 0 0 0 0 2 2 2 2 2 2 2 2 2
3 3 3 3 3 3 0 0 0 0 0 0 0 4 4 4 4 4 4 4 4 4 0 0 0 0 0 0 0 2 2 2 2 2 2 2 2 2
0 14 10 10 10 10 10 10 10 10 10 10 13 0 0 0 0 0 0 0 0 0 0 0 0 0 0 0 0 2 2 2 2 2 2 2 2 2
0 16 1 1 1 1 1 1 1 1 1 1 15 0 0 0 0 0 0 0 4 4 0 0 0 0 0 0 0 2 2 2 2 2 2 2 2 2
0 16 1 1 1 7 7 7 7 7 7 7 7 3 0 6 0 0 0 0 4 4 0 0 0 0 0 0 0 2 2 2 2 2 2 2 2 2
0 16 1 1 1 1 1 1 1 1 1 1 15 3 0 0 0 0 0 0 4 4 0 0 0 0 0 0 0 2 2 2 2 2 2 2 2 2
0 16 1 1 1 1 1 9 1 1 1 1 15 3 0 0 0 0 0 0 0 0 0 0 0 0 0 0 0 0 0 0 0 0 0 0 0 0
0 12 9 9 9 9 9 4 9 9 9 9 11 3 0 0 0 0 0 0 0 0 0 0 0 0 0 0 0 0 0 0 0 0 0 0 0 0
3 4 4 4 4 4 4 4 4 4 0 0 0 3 0 0 0 0 0 0 0 0 0 0 0 0 0 0 0 0 0 0 0 0 0 0 0 0
3 0 0 0 0 0 0 0 0 0 0 0 0 3 0 0 0 0 0 0 0 0 0 0 0 0 0 0 0 0 0 0 0 8 0 0 0 5
3 0 0 0 8 4 4 4 4 4 0 0 0 3 0 0 0 0 0 0 0 0 0 0 0 3 3 3 3 3 3 3 3 3 3 3 3 3
3 0 0 0 4 4 8 8 4 4 0 0 0 3 0 0 0 0 0 0 0 0 0 0 0 3 0 0 0 0 0 0 0 0 0 0 0 5
3 0 0 0 4 4 8 8 4 0 0 0 0 3 0 0 0 0 0 0 0 0 0 0 0 3 0 0 0 0 0 0 0 0 0 0 0 5
3 0 0 0 0 0 0 0 8 0 0 0 0 3 0 0 0 0 0 0 0 0 0 0 0 3 0 0 0 0 0 0 0 0 0 0 0 5
3 0 0 0 0 0 0 0 8 0 0 0 14 7 10 10 10 10 10 13 0 0 0 0 0 3 0 0 0 0 0 0 0 8 0 0 0 5
3 0 0 0 0 0 0 0 0 0 0 0 16 7 7 7 1 1 1 15 0 0 0 0 0 3 0 4 8 4 0 0 0 0 0 0 0 5
3 0 0 0 0 4 4 4 4 0 0 0 16 1 1 7 1 1 1 15 0 0 0 0 0 3 0 4 4 4 0 0 0 0 0 0 0 5
3 0 0 0 0 4 4 4 4 0 0 0 16 1 1 7 1 1 1 15 0 0 0 0 0 3 0 4 4 4 0 0 0 0 0 0 0 5
3 0 0 0 0 4 4 4 4 0 0 0 16 1 1 7 7 1 1 15 0 0 0 0 0 3 0 0 0 0 0 0 0 0 0 0 0 5
3 3 3 3 3 3 3 4 4 0 0 0 16 1 1 1 7 7 1 15 0 0 0 0 0 3 0 4 4 4 4 4 0 0 0 0 0 5
14 13 0 0 0 0 3 4 4 4 4 4 12 9 9 9 9 7 9 11 0 0 0 0 0 3 0 0 0 0 0 0 0 0 0 0 0 5
16 15 0 0 0 0 3 4 4 4 4 4 4 4 4 4 4 3 4 4 4 4 0 0 0 3 0 0 4 0 0 0 0 0 0 0 0 5
16 15 0 0 0 0 3 4 4 4 4 4 4 4 4 4 4 3 4 4 4 4 0 0 0 3 4 4 4 0 0 0 0 0 0 0 0 5
16 15 0 0 0 0 3 0 0 0 0 0 0 0 0 0 0 3 0 0 4 4 0 0 0 3 4 4 4 0 0 0 0 0 0 0 0 5
16 15 0 0 0 0 3 3 3 3 3 3 3 3 3 3 3 3 3 3 3 3 3 3 3 3 4 4 4 0 4 4 4 0 0 0 0 5
16 15 0 0 0 0 0 0 0 0 0 0 0 0 0 0 0 0 0 0 0 0 0 0 0 3 4 4 4 0 4 4 4 4 0 0 0 5
16 15 0 0 0 0 0 0 0 0 0 0 0 0 0 0 0 0 0 0 0 0 0 0 0 3 4 4 4 0 0 0 4 4 0 0 0 5
12 11 0 0 0 0 0 0 0 0 0 0 0 0 0 0 0 0 0 0 0 0 0 0 0 3 3 3 3 3 3 3 3 3 3 0 0 5
5 5 5 5 5 5 5 5 5 5 5 5 5 5 5 5 5 5 5 5 5 5 5 5 5 5 5 5 5 5 5 5 5 5 3 0 5 5